params:
  capacity 100.000000
nodes:
  node01		1.904		64.471		46.539
  node02		48.328		95.994		-74.566
  node03		17.086		-90.892		-39.437
  node04		29.160		87.948		59.087
  node05		54.600		59.973		75.403
  node06		26.439		-38.376		78.662
  node07		83.207		81.901		92.982
  node08		65.658		40.931		-53.232
  node09		18.921		-38.550		93.304
  node10		68.206		75.562		58.561
  node11		94.052		69.665		21.319
  node12		40.542		-67.015		51.364
  node13		2.196		-35.338		72.194
  node14		91.415		-78.024		-74.776
  node15		27.753		-98.137		97.123
  node16		86.332		-89.163		59.254
  node17		62.258		-62.208		64.918
  node18		72.029		72.813		50.114
  node19		65.959		-27.340		10.896
  node20		69.046		-22.460		42.012
  node21		79.708		98.507		17.619
  node22		17.546		-97.033		60.409
  node23		6.626		15.368		78.805
  node24		13.736		-35.169		37.016
  node25		8.069		54.623		7.578
  node26		49.430		79.670		65.327
  node27		79.271		-87.324		56.195
  node28		53.633		-38.031		-31.669
  node29		68.862		39.074		-15.995
  node30		95.391		-14.799		81.054
  node31		20.198		-70.995		38.315
  node32		5.471		7.812		69.720
  node33		42.242		80.305		-27.692
  node34		85.794		-96.675		26.176
  node35		10.438		-48.036		-88.336
  node36		86.561		86.153		22.832
  node37		24.396		97.921		59.854
