params:
  capacity 1000.000000
nodes:
  node01		84.621		-3.715		-37.026
  node02		65.871		11.239		-77.220
  node03		12.841		-83.343		99.599
  node04		39.639		-34.711		-1.370
  node05		22.524		-30.526		88.163
  node06		10.802		-54.950		17.186
  node07		30.031		-6.387		-94.446
  node08		43.140		91.158		-70.120
  node09		91.102		11.021		-23.152
  node10		3.075		75.267		-60.571
  node11		21.241		-30.026		-78.055
  node12		81.000		6.855		-92.000
  node13		2.346		-3.036		-87.661
  node14		53.124		-35.465		78.551
  node15		33.077		81.893		34.159
  node16		67.144		75.020		-96.659
  node17		56.842		-16.375		-67.028
  node18		88.482		-53.998		-17.806
  node19		63.494		28.814		11.354
  node20		6.864		-94.577		-45.704
  node21		16.419		-79.254		-64.118
  node22		50.105		37.828		83.782
  node23		10.990		68.660		25.092
  node24		81.607		92.652		41.388
  node25		57.104		56.006		10.940
  node26		73.984		30.743		-30.086
  node27		77.561		82.350		-83.049
  node28		70.982		40.302		-88.466
  node29		65.028		5.786		-27.192
  node30		60.638		-11.477		24.231
  node31		16.799		98.216		-10.340
  node32		97.537		41.083		-27.465
  node33		33.263		-7.550		79.325
  node34		76.106		-18.625		75.384
  node35		4.723		42.052		7.436
  node36		69.164		91.203		-66.828
  node37		43.911		55.156		42.186
