params:
  capacity 100.000000
nodes:
  node01		45.512		21.420		55.497
  node02		40.749		31.958		-89.977
  node03		0.378		-38.446		-56.766
  node04		17.300		78.878		94.948
  node05		13.791		-61.899		-18.649
  node06		75.315		-88.060		-10.750
  node07		50.749		25.342		-30.216
  node08		61.826		9.879		-14.289
  node09		10.751		40.692		99.527
  node10		48.559		-63.294		-98.001
  node11		7.797		-37.080		-68.600
  node12		80.791		-13.430		-13.025
  node13		30.710		-77.398		-70.047
  node14		11.703		-97.368		-17.131
  node15		95.390		86.747		-94.211
  node16		72.403		73.700		93.827
  node17		47.772		-84.045		77.283
  node18		7.006		46.102		-78.251
  node19		83.127		-54.824		-0.306
  node20		7.415		49.701		-95.547
  node21		52.263		54.979		-10.350
  node22		74.692		-31.723		52.095
  node23		22.995		84.314		81.783
  node24		87.880		-20.089		61.611
  node25		69.486		-53.587		52.069
  node26		10.381		28.650		-49.197
  node27		51.255		80.749		68.714
  node28		3.031		36.352		-14.853
  node29		54.635		61.464		6.989
  node30		57.438		73.218		42.990
  node31		7.725		-59.771		-8.326
  node32		86.777		-30.311		-77.119
  node33		51.797		75.029		-78.438
  node34		26.751		-98.726		-83.503
  node35		46.660		87.349		10.113
  node36		70.139		5.935		50.478
  node37		71.130		-64.491		-85.447
