params:
  capacity 100.000000
nodes:
  node01		30.971		58.489		-99.553
  node02		27.795		-34.271		-19.604
  node03		67.889		-3.128		51.287
  node04		37.537		74.046		90.564
  node05		57.003		10.446		82.907
  node06		13.920		48.287		-35.630
  node07		25.691		89.440		-99.549
  node08		95.427		82.636		93.999
  node09		78.340		-49.064		70.141
  node10		42.096		35.809		63.505
  node11		6.887		-13.540		-99.963
  node12		92.594		6.639		-35.035
  node13		20.514		-41.723		-73.640
  node14		87.023		57.658		28.291
  node15		12.399		-54.314		95.829
  node16		74.802		35.614		33.705
  node17		11.173		40.606		-73.512
  node18		64.667		-94.185		-88.951
  node19		37.900		8.729		78.591
  node20		95.503		-35.148		75.717
  node21		96.943		-7.574		35.500
  node22		41.967		98.036		-45.421
  node23		69.239		97.647		86.953
  node24		37.691		19.944		13.551
  node25		11.592		80.952		86.702
  node26		20.151		-47.739		-57.274
  node27		68.694		55.367		-31.777
  node28		85.205		87.779		37.183
  node29		96.814		33.880		27.029
  node30		16.166		-57.397		41.644
  node31		32.516		-79.453		35.915
  node32		24.576		70.627		14.267
  node33		31.516		-69.117		84.802
  node34		71.222		43.852		69.947
  node35		54.982		72.113		25.233
  node36		36.752		-30.905		-24.159
  node37		14.445		62.173		-8.765
